a + b = [[-74 -18]
 [-13   5]]
a - b = [[-38  -2   0 -29]
 [ -9  -6 -14 -18]
 [ 24   4   6 -13]
 [-12   4 -25  25]]
a . b = [[  19   61  112  156   60  -75   41   21   62  -92  -46   34    7  -80
  -140  233]
 [ 120  116  -29  162  -21  -90  151  -53   61   17 -125  339  168  -52
   -28   72]
 [  62  108  -76  -90  -66   64   52  -29  -21  -20 -162  138   77  -81
    23  126]
 [-118   19  -37   58 -242  156  -56  116   20    3  167 -109  220   32
    56 -102]
 [ -63  -89   64  243  143  -33  107  224  -10 -117 -160  104  158    7
   101  -50]
 [ 188 -167  147   49  234   83   65  114   41  -39  -18 -225  -92  -38
   125 -342]
 [-273 -125  252 -168  -29   52 -111  238   94  -57  153  -55  112   55
   260 -209]
 [  78   -8   63   72   40 -159   45   63 -180  108 -145  -31  -41   55
  -267  107]
 [  70  -57    9  121  159  -13  -83 -103  238  -46 -163  146    9 -120
  -102   66]
 [ 108  130  -66  -82  -62 -250   -8   13 -245  161   26 -118  -67  341
   109 -188]
 [ 177  129  -74  -54  -77   36 -182 -113   48  103   26  -53  155   62
  -179   66]
 [-150   21   26   52   98 -415   33   96 -107  135   55   95 -144  148
   -35   78]
 [  72   53   64   61 -313  -83  -77  -60  -16  161  -38   -4   41  109
    -4  -99]
 [ -41  -77  -81   63   31  273  -80  -65   53 -304  -74  -82  -75 -106
   135   31]
 [-215  -41  -58  118    9   98 -130  139   31 -166  -58   87  166 -176
    39  180]
 [  13   73  130   89   88 -200   -6  -73  147  -22 -225  300  -42  -62
  -155   48]]